0.317647 0.800000 0.800000 0.274510
0.317647 0.800000 0.800000 0.274510
0.317647 0.800000 0.800000 0.274510
0.317647 0.800000 0.800000 0.274510
0.317647 0.800000 0.800000 0.274510
0.317647 0.800000 0.800000 0.274510
0.317647 0.800000 0.800000 0.274510
0.317647 0.800000 0.800000 0.274510
0.317647 0.800000 0.800000 0.274510
0.317647 0.800000 0.800000 0.274510
0.317647 0.800000 0.800000 0.274510
0.317647 0.800000 0.800000 0.274510
0.317647 0.800000 0.800000 0.274510
0.317647 0.800000 0.800000 0.274510
0.317647 0.800000 0.800000 0.274510
0.317647 0.800000 0.800000 0.274510
0.317647 0.800000 0.800000 0.274510
0.317647 0.800000 0.800000 0.274510
0.317647 0.800000 0.800000 0.274510
0.317647 0.800000 0.800000 0.274510
0.317647 0.800000 0.800000 0.274510
0.317647 0.800000 0.800000 0.274510
0.317647 0.800000 0.800000 0.274510
0.317647 0.800000 0.800000 0.274510
0.317647 0.800000 0.800000 0.274510
0.317647 0.800000 0.800000 0.274510
0.317647 0.800000 0.800000 0.274510
0.329412 0.800000 0.800000 0.266667
0.329412 0.800000 0.800000 0.266667
0.329412 0.800000 0.800000 0.266667
0.329412 0.800000 0.800000 0.266667
0.329412 0.800000 0.800000 0.266667
0.329412 0.800000 0.800000 0.266667
0.329412 0.800000 0.800000 0.266667
0.329412 0.800000 0.800000 0.266667
0.329412 0.800000 0.800000 0.266667
0.329412 0.800000 0.800000 0.266667
0.329412 0.800000 0.800000 0.266667
0.329412 0.800000 0.800000 0.266667
0.329412 0.800000 0.800000 0.266667
0.329412 0.800000 0.800000 0.266667
0.329412 0.800000 0.800000 0.254902
0.321569 0.800000 0.800000 0.254902
0.321569 0.800000 0.800000 0.254902
0.321569 0.800000 0.800000 0.254902
0.321569 0.800000 0.800000 0.254902
0.321569 0.800000 0.800000 0.254902
0.321569 0.800000 0.800000 0.254902
0.321569 0.800000 0.800000 0.254902
0.321569 0.800000 0.800000 0.254902
0.321569 0.800000 0.800000 0.254902
0.321569 0.800000 0.800000 0.254902
0.321569 0.800000 0.800000 0.254902
0.321569 0.800000 0.800000 0.254902
0.321569 0.800000 0.800000 0.254902
0.321569 0.800000 0.800000 0.262745
0.321569 0.800000 0.800000 0.262745
0.321569 0.800000 0.800000 0.262745
0.321569 0.800000 0.800000 0.262745
0.321569 0.800000 0.800000 0.262745
0.321569 0.800000 0.800000 0.262745
0.321569 0.800000 0.800000 0.262745
0.321569 0.800000 0.800000 0.262745
0.321569 0.800000 0.800000 0.262745
0.321569 0.800000 0.800000 0.262745
0.321569 0.800000 0.800000 0.262745
0.321569 0.800000 0.800000 0.262745
0.317647 0.800000 0.800000 0.262745
0.317647 0.800000 0.800000 0.262745
0.317647 0.800000 0.800000 0.262745
0.317647 0.800000 0.800000 0.262745
0.317647 0.800000 0.800000 0.262745
0.317647 0.800000 0.800000 0.262745
0.317647 0.800000 0.800000 0.262745
0.317647 0.800000 0.800000 0.262745
0.317647 0.800000 0.800000 0.262745
0.317647 0.800000 0.800000 0.262745
0.317647 0.800000 0.800000 0.262745
0.317647 0.800000 0.800000 0.262745
0.325490 0.800000 0.800000 0.266667
0.325490 0.800000 0.800000 0.266667
0.325490 0.800000 0.800000 0.266667
0.325490 0.800000 0.800000 0.266667
0.325490 0.800000 0.800000 0.266667
0.325490 0.800000 0.800000 0.266667
0.325490 0.800000 0.800000 0.266667
0.325490 0.800000 0.800000 0.266667
0.325490 0.800000 0.800000 0.266667
0.325490 0.800000 0.800000 0.266667
0.325490 0.800000 0.800000 0.266667
0.325490 0.800000 0.800000 0.266667
0.325490 0.800000 0.800000 0.266667
0.325490 0.800000 0.800000 0.262745
0.325490 0.800000 0.800000 0.262745
0.325490 0.800000 0.800000 0.262745
0.325490 0.800000 0.800000 0.262745
0.325490 0.800000 0.800000 0.262745
0.325490 0.800000 0.800000 0.262745
0.325490 0.800000 0.800000 0.262745
0.325490 0.800000 0.800000 0.262745
0.325490 0.800000 0.800000 0.262745
0.325490 0.800000 0.800000 0.262745
0.325490 0.800000 0.800000 0.262745
0.325490 0.800000 0.800000 0.262745
0.325490 0.800000 0.800000 0.262745
0.321569 0.800000 0.800000 0.270588
0.321569 0.800000 0.800000 0.270588
0.321569 0.800000 0.800000 0.270588
0.321569 0.800000 0.800000 0.270588
0.321569 0.800000 0.800000 0.270588
0.321569 0.800000 0.800000 0.270588
0.321569 0.800000 0.800000 0.270588
0.321569 0.800000 0.800000 0.270588
0.321569 0.800000 0.800000 0.270588
0.321569 0.800000 0.800000 0.270588
0.321569 0.800000 0.800000 0.270588
0.321569 0.800000 0.800000 0.270588
0.325490 0.800000 0.800000 0.266667
0.325490 0.800000 0.800000 0.266667
0.325490 0.800000 0.800000 0.266667
0.325490 0.800000 0.800000 0.266667
0.325490 0.800000 0.800000 0.266667
0.325490 0.800000 0.800000 0.266667
0.325490 0.800000 0.800000 0.266667
0.325490 0.800000 0.800000 0.266667
0.325490 0.800000 0.800000 0.266667
0.325490 0.800000 0.800000 0.266667
0.325490 0.800000 0.800000 0.266667
0.325490 0.800000 0.800000 0.266667
0.325490 0.800000 0.800000 0.266667
0.337255 0.800000 0.800000 0.270588
0.337255 0.800000 0.800000 0.270588
0.337255 0.800000 0.800000 0.270588
0.337255 0.800000 0.800000 0.270588
0.337255 0.800000 0.800000 0.270588
0.337255 0.800000 0.800000 0.270588
0.337255 0.800000 0.800000 0.270588
0.337255 0.800000 0.800000 0.270588
0.337255 0.800000 0.800000 0.270588
0.337255 0.800000 0.800000 0.270588
0.337255 0.800000 0.800000 0.270588
0.337255 0.800000 0.800000 0.270588
0.337255 0.800000 0.800000 0.270588
0.337255 0.800000 0.800000 0.270588
0.337255 0.800000 0.800000 0.270588
0.337255 0.800000 0.800000 0.270588
0.337255 0.800000 0.800000 0.270588
0.337255 0.800000 0.800000 0.270588
0.337255 0.800000 0.800000 0.270588
0.337255 0.800000 0.800000 0.270588
0.337255 0.800000 0.800000 0.270588
0.337255 0.800000 0.800000 0.270588
0.337255 0.800000 0.800000 0.270588
0.337255 0.800000 0.800000 0.270588
0.337255 0.800000 0.800000 0.270588
0.337255 0.800000 0.800000 0.270588
0.337255 0.800000 0.800000 0.270588
0.317647 0.800000 0.800000 0.278431
0.317647 0.800000 0.800000 0.278431
0.317647 0.800000 0.800000 0.278431
0.317647 0.800000 0.800000 0.278431
0.317647 0.800000 0.800000 0.278431
0.317647 0.800000 0.800000 0.278431
0.317647 0.800000 0.800000 0.278431
0.317647 0.800000 0.800000 0.278431
0.317647 0.800000 0.800000 0.278431
0.317647 0.800000 0.800000 0.278431
0.317647 0.800000 0.800000 0.278431
0.317647 0.800000 0.800000 0.278431
0.317647 0.800000 0.800000 0.278431
0.321569 0.800000 0.800000 0.278431
0.321569 0.800000 0.800000 0.278431
0.321569 0.800000 0.800000 0.278431
0.321569 0.800000 0.800000 0.278431
0.321569 0.800000 0.800000 0.278431
0.321569 0.800000 0.800000 0.278431
0.321569 0.800000 0.800000 0.278431
0.321569 0.800000 0.800000 0.278431
0.321569 0.800000 0.800000 0.278431
0.321569 0.800000 0.800000 0.278431
0.321569 0.800000 0.800000 0.278431
0.321569 0.800000 0.800000 0.278431
0.325490 0.800000 0.800000 0.286274
0.325490 0.800000 0.800000 0.286274
0.325490 0.800000 0.800000 0.286274
0.325490 0.800000 0.800000 0.286274
0.325490 0.800000 0.800000 0.286274
0.325490 0.800000 0.800000 0.286274
0.325490 0.800000 0.800000 0.286274
0.325490 0.800000 0.800000 0.286274
0.325490 0.800000 0.800000 0.286274
0.325490 0.800000 0.800000 0.286274
0.325490 0.800000 0.800000 0.286274
0.325490 0.800000 0.800000 0.286274
0.325490 0.800000 0.800000 0.286274
0.317647 0.800000 0.800000 0.286274
0.317647 0.800000 0.800000 0.286274
0.317647 0.800000 0.800000 0.286274
0.317647 0.800000 0.800000 0.286274
0.317647 0.800000 0.800000 0.286274
0.317647 0.800000 0.800000 0.286274
0.317647 0.800000 0.800000 0.286274
0.317647 0.800000 0.800000 0.286274
0.317647 0.800000 0.800000 0.286274
0.317647 0.800000 0.800000 0.286274
0.317647 0.800000 0.800000 0.286274
0.317647 0.800000 0.800000 0.286274
0.317647 0.800000 0.800000 0.286274
0.317647 0.800000 0.800000 0.286274
0.317647 0.800000 0.800000 0.282353
0.317647 0.800000 0.800000 0.282353
0.317647 0.800000 0.800000 0.282353
0.317647 0.800000 0.800000 0.282353
0.317647 0.800000 0.800000 0.282353
0.317647 0.800000 0.800000 0.282353
0.317647 0.800000 0.800000 0.282353
0.317647 0.800000 0.800000 0.282353
0.317647 0.800000 0.800000 0.282353
0.317647 0.800000 0.800000 0.282353
0.317647 0.800000 0.800000 0.282353
0.317647 0.800000 0.800000 0.282353
0.317647 0.800000 0.800000 0.282353
0.317647 0.800000 0.800000 0.282353
0.337255 0.800000 0.800000 0.278431
0.337255 0.800000 0.800000 0.278431
0.337255 0.800000 0.800000 0.278431
0.337255 0.800000 0.800000 0.278431
0.337255 0.800000 0.800000 0.278431
0.337255 0.800000 0.800000 0.278431
0.337255 0.800000 0.800000 0.278431
0.337255 0.800000 0.800000 0.278431
0.337255 0.800000 0.800000 0.278431
0.337255 0.800000 0.800000 0.278431
0.337255 0.800000 0.800000 0.278431
0.337255 0.800000 0.800000 0.278431
0.337255 0.800000 0.800000 0.278431
0.337255 0.800000 0.800000 0.278431
0.337255 0.800000 0.800000 0.278431
0.329412 0.800000 0.800000 0.286274
0.329412 0.800000 0.800000 0.286274
0.329412 0.800000 0.800000 0.286274
0.329412 0.800000 0.800000 0.286274
0.329412 0.800000 0.800000 0.286274
0.329412 0.800000 0.800000 0.286274
0.329412 0.800000 0.800000 0.286274
0.329412 0.800000 0.800000 0.286274
0.329412 0.800000 0.800000 0.286274
0.329412 0.800000 0.800000 0.286274
0.329412 0.800000 0.800000 0.286274
0.329412 0.800000 0.800000 0.286274
0.329412 0.800000 0.800000 0.282353
0.329412 0.800000 0.800000 0.282353
0.329412 0.800000 0.800000 0.282353
0.329412 0.800000 0.800000 0.282353
0.329412 0.800000 0.800000 0.282353
0.329412 0.800000 0.800000 0.282353
0.329412 0.800000 0.800000 0.282353
0.329412 0.800000 0.800000 0.282353
0.329412 0.800000 0.800000 0.282353
0.329412 0.800000 0.800000 0.282353
0.329412 0.800000 0.800000 0.282353
0.329412 0.800000 0.800000 0.282353
0.329412 0.800000 0.800000 0.282353
0.329412 0.800000 0.800000 0.282353
0.796078 0.800000 0.800000 0.290196
0.796078 0.800000 0.800000 0.290196
0.796078 0.800000 0.800000 0.290196
0.796078 0.800000 0.800000 0.290196
0.796078 0.800000 0.800000 0.290196
0.796078 0.800000 0.800000 0.290196
0.796078 0.800000 0.800000 0.290196
0.796078 0.800000 0.800000 0.290196
0.796078 0.800000 0.800000 0.290196
0.796078 0.800000 0.800000 0.290196
0.796078 0.800000 0.800000 0.290196
0.796078 0.800000 0.800000 0.290196
0.796078 0.800000 0.800000 0.290196
0.796078 0.800000 0.800000 0.290196
0.796078 0.800000 0.800000 0.796078
0.796078 0.800000 0.800000 0.796078
0.796078 0.800000 0.800000 0.796078
0.796078 0.800000 0.800000 0.796078
0.796078 0.800000 0.800000 0.796078
0.796078 0.800000 0.800000 0.796078
0.796078 0.800000 0.800000 0.796078
0.796078 0.800000 0.800000 0.796078
0.796078 0.800000 0.800000 0.796078
0.796078 0.800000 0.800000 0.796078
0.796078 0.800000 0.800000 0.796078
0.796078 0.800000 0.800000 0.796078
0.796078 0.800000 0.800000 0.796078
0.796078 0.800000 0.800000 0.796078
0.796078 0.800000 0.800000 0.796078
0.796078 0.800000 0.800000 0.796078
0.796078 0.800000 0.800000 0.796078
0.796078 0.800000 0.800000 0.796078
0.796078 0.800000 0.800000 0.796078
0.796078 0.800000 0.800000 0.796078
0.796078 0.800000 0.800000 0.796078
0.796078 0.800000 0.800000 0.796078
0.796078 0.800000 0.800000 0.796078
0.796078 0.800000 0.800000 0.796078
0.796078 0.800000 0.800000 0.796078
0.796078 0.800000 0.800000 0.796078
0.796078 0.800000 0.800000 0.796078
0.796078 0.800000 0.800000 0.796078
0.796078 0.800000 0.800000 0.796078
0.796078 0.800000 0.800000 0.796078
0.796078 0.800000 0.800000 0.796078
0.796078 0.800000 0.800000 0.796078
0.796078 0.800000 0.800000 0.796078
0.796078 0.800000 0.800000 0.796078
0.796078 0.800000 0.800000 0.796078
0.796078 0.800000 0.800000 0.796078
0.796078 0.800000 0.800000 0.796078
0.796078 0.800000 0.800000 0.796078
0.796078 0.800000 0.800000 0.796078
0.796078 0.800000 0.800000 0.796078
0.796078 0.800000 0.800000 0.796078
0.796078 0.800000 0.800000 0.796078
0.796078 0.800000 0.800000 0.796078
0.796078 0.800000 0.800000 0.796078
0.796078 0.800000 0.800000 0.796078
0.796078 0.800000 0.800000 0.796078
0.796078 0.800000 0.800000 0.796078
0.796078 0.800000 0.800000 0.796078
0.796078 0.800000 0.800000 0.796078
0.796078 0.800000 0.800000 0.796078
0.796078 0.800000 0.800000 0.796078
0.796078 0.800000 0.800000 0.796078
0.796078 0.800000 0.800000 0.796078
0.796078 0.800000 0.800000 0.796078
0.796078 0.800000 0.800000 0.796078
0.796078 0.800000 0.800000 0.796078
0.796078 0.800000 0.800000 0.796078
0.796078 0.800000 0.800000 0.796078
0.796078 0.800000 0.800000 0.796078
0.796078 0.800000 0.800000 0.796078
0.796078 0.800000 0.800000 0.796078
0.796078 0.800000 0.800000 0.796078
0.796078 0.800000 0.800000 0.796078
0.796078 0.800000 0.800000 0.796078
0.796078 0.800000 0.800000 0.796078
0.796078 0.800000 0.800000 0.796078
0.329412 0.800000 0.800000 0.290196
0.329412 0.800000 0.800000 0.290196
0.329412 0.800000 0.800000 0.290196
0.329412 0.800000 0.800000 0.290196
0.329412 0.800000 0.800000 0.290196
0.329412 0.800000 0.800000 0.290196
0.329412 0.800000 0.800000 0.290196
0.329412 0.800000 0.800000 0.290196
0.329412 0.800000 0.800000 0.290196
0.329412 0.800000 0.800000 0.290196
0.329412 0.800000 0.800000 0.290196
0.329412 0.800000 0.800000 0.290196
0.341176 0.800000 0.800000 0.278431
0.341176 0.800000 0.800000 0.278431
0.341176 0.800000 0.800000 0.278431
0.341176 0.800000 0.800000 0.278431
0.341176 0.800000 0.800000 0.278431
0.341176 0.800000 0.800000 0.278431
0.341176 0.800000 0.800000 0.278431
0.341176 0.800000 0.800000 0.278431
0.341176 0.800000 0.800000 0.278431
0.341176 0.800000 0.800000 0.278431
0.341176 0.800000 0.800000 0.278431
0.341176 0.800000 0.800000 0.278431
0.333333 0.800000 0.800000 0.286274
0.333333 0.800000 0.800000 0.286274
0.333333 0.800000 0.800000 0.286274
0.333333 0.800000 0.800000 0.286274
0.333333 0.800000 0.800000 0.286274
0.333333 0.800000 0.800000 0.286274
0.333333 0.800000 0.800000 0.286274
0.333333 0.800000 0.800000 0.286274
0.333333 0.800000 0.800000 0.286274
0.333333 0.800000 0.800000 0.286274
0.333333 0.800000 0.800000 0.286274
0.333333 0.800000 0.800000 0.286274
0.333333 0.800000 0.800000 0.286274
0.333333 0.800000 0.800000 0.286274
0.325490 0.800000 0.800000 0.282353
0.325490 0.800000 0.800000 0.282353
0.325490 0.800000 0.800000 0.282353
0.325490 0.800000 0.800000 0.282353
0.325490 0.800000 0.800000 0.282353
0.325490 0.800000 0.800000 0.282353
0.325490 0.800000 0.800000 0.282353
0.325490 0.800000 0.800000 0.282353
0.325490 0.800000 0.800000 0.282353
0.325490 0.800000 0.800000 0.282353
0.325490 0.800000 0.800000 0.282353
0.325490 0.800000 0.800000 0.282353
0.325490 0.800000 0.800000 0.278431
0.325490 0.800000 0.800000 0.278431
0.325490 0.800000 0.800000 0.278431
0.325490 0.800000 0.800000 0.278431
0.325490 0.800000 0.800000 0.278431
0.325490 0.800000 0.800000 0.278431
0.325490 0.800000 0.800000 0.278431
0.325490 0.800000 0.800000 0.278431
0.325490 0.800000 0.800000 0.278431
0.325490 0.800000 0.800000 0.278431
0.325490 0.800000 0.800000 0.278431
0.325490 0.800000 0.800000 0.278431
0.325490 0.800000 0.800000 0.278431
0.349020 0.800000 0.800000 0.278431
0.349020 0.800000 0.800000 0.278431
0.349020 0.800000 0.800000 0.278431
0.349020 0.800000 0.800000 0.278431
0.349020 0.800000 0.800000 0.278431
0.349020 0.800000 0.800000 0.278431
0.349020 0.800000 0.800000 0.278431
0.349020 0.800000 0.800000 0.278431
0.349020 0.800000 0.800000 0.278431
0.349020 0.800000 0.800000 0.278431
0.349020 0.800000 0.800000 0.278431
0.349020 0.800000 0.800000 0.278431
0.349020 0.800000 0.800000 0.278431
0.349020 0.800000 0.800000 0.278431
0.349020 0.800000 0.800000 0.278431
0.337255 0.800000 0.800000 0.274510
0.337255 0.800000 0.800000 0.274510
0.337255 0.800000 0.800000 0.274510
0.337255 0.800000 0.800000 0.274510
0.337255 0.800000 0.800000 0.274510
0.337255 0.800000 0.800000 0.274510
0.337255 0.800000 0.800000 0.274510
0.337255 0.800000 0.800000 0.274510
0.337255 0.800000 0.800000 0.274510
0.337255 0.800000 0.800000 0.274510
0.337255 0.800000 0.800000 0.274510
0.337255 0.800000 0.800000 0.274510
0.337255 0.800000 0.800000 0.274510
0.337255 0.800000 0.800000 0.274510
0.333333 0.800000 0.800000 0.274510
0.333333 0.800000 0.800000 0.274510
0.333333 0.800000 0.800000 0.274510
0.333333 0.800000 0.800000 0.274510
0.333333 0.800000 0.800000 0.274510
0.333333 0.800000 0.800000 0.274510
0.333333 0.800000 0.800000 0.274510
0.333333 0.800000 0.800000 0.274510
0.333333 0.800000 0.800000 0.274510
0.333333 0.800000 0.800000 0.274510
0.333333 0.800000 0.800000 0.274510
0.333333 0.800000 0.800000 0.274510
0.325490 0.800000 0.800000 0.274510
0.325490 0.800000 0.800000 0.274510
0.325490 0.800000 0.800000 0.274510
0.325490 0.800000 0.800000 0.274510
0.325490 0.800000 0.800000 0.274510
0.325490 0.800000 0.800000 0.274510
0.325490 0.800000 0.800000 0.274510
0.325490 0.800000 0.800000 0.274510
0.325490 0.800000 0.800000 0.274510
0.325490 0.800000 0.800000 0.274510
0.325490 0.800000 0.800000 0.274510
0.325490 0.800000 0.800000 0.274510
0.325490 0.800000 0.800000 0.274510
0.325490 0.800000 0.800000 0.274510
0.325490 0.800000 0.800000 0.274510
0.325490 0.800000 0.800000 0.274510
0.329412 0.800000 0.800000 0.282353
0.329412 0.800000 0.800000 0.282353
0.329412 0.800000 0.800000 0.282353
0.329412 0.800000 0.800000 0.282353
0.329412 0.800000 0.800000 0.282353
0.329412 0.800000 0.800000 0.282353
0.329412 0.800000 0.800000 0.282353
0.329412 0.800000 0.800000 0.282353
0.329412 0.800000 0.800000 0.282353
0.329412 0.800000 0.800000 0.282353
0.329412 0.800000 0.800000 0.282353
0.329412 0.800000 0.800000 0.282353
0.329412 0.800000 0.800000 0.282353
0.329412 0.800000 0.800000 0.282353
0.329412 0.800000 0.800000 0.282353
0.329412 0.800000 0.800000 0.274510
0.329412 0.800000 0.800000 0.274510
0.329412 0.800000 0.800000 0.274510
0.329412 0.800000 0.800000 0.274510
0.329412 0.800000 0.800000 0.274510
0.329412 0.800000 0.800000 0.274510
0.329412 0.800000 0.800000 0.274510
0.329412 0.800000 0.800000 0.274510
0.329412 0.800000 0.800000 0.274510
0.329412 0.800000 0.800000 0.274510
0.329412 0.800000 0.800000 0.274510
0.329412 0.800000 0.800000 0.274510
0.329412 0.800000 0.800000 0.274510
0.337255 0.800000 0.800000 0.278431
0.337255 0.800000 0.800000 0.278431
0.337255 0.800000 0.800000 0.278431
0.337255 0.800000 0.800000 0.278431
0.337255 0.800000 0.800000 0.278431
0.337255 0.800000 0.800000 0.278431
0.337255 0.800000 0.800000 0.278431
0.337255 0.800000 0.800000 0.278431
0.337255 0.800000 0.800000 0.278431
0.337255 0.800000 0.800000 0.278431
0.337255 0.800000 0.800000 0.278431
0.337255 0.800000 0.800000 0.278431
0.337255 0.800000 0.800000 0.278431
0.349020 0.800000 0.800000 0.294118
0.349020 0.800000 0.800000 0.294118
0.349020 0.800000 0.800000 0.294118
0.349020 0.800000 0.800000 0.294118
0.349020 0.800000 0.800000 0.294118
0.349020 0.800000 0.800000 0.294118
0.349020 0.800000 0.800000 0.294118
0.349020 0.800000 0.800000 0.294118
0.349020 0.800000 0.800000 0.294118
0.349020 0.800000 0.800000 0.294118
0.349020 0.800000 0.800000 0.294118
0.349020 0.800000 0.800000 0.294118
0.349020 0.800000 0.800000 0.294118
0.349020 0.800000 0.800000 0.298039
0.349020 0.800000 0.800000 0.298039
0.349020 0.800000 0.800000 0.298039
0.349020 0.800000 0.800000 0.298039
0.349020 0.800000 0.800000 0.298039
0.349020 0.800000 0.800000 0.298039
0.349020 0.800000 0.800000 0.298039
0.349020 0.800000 0.800000 0.298039
0.349020 0.800000 0.800000 0.298039
0.349020 0.800000 0.800000 0.298039
0.349020 0.800000 0.800000 0.298039
0.349020 0.800000 0.800000 0.298039
0.349020 0.800000 0.800000 0.286274
0.349020 0.800000 0.800000 0.286274
0.349020 0.800000 0.800000 0.286274
0.349020 0.800000 0.800000 0.286274
0.349020 0.800000 0.800000 0.286274
0.349020 0.800000 0.800000 0.286274
0.349020 0.800000 0.800000 0.286274
0.349020 0.800000 0.800000 0.286274
0.349020 0.800000 0.800000 0.286274
0.349020 0.800000 0.800000 0.286274
0.349020 0.800000 0.800000 0.286274
0.349020 0.800000 0.800000 0.286274
0.349020 0.800000 0.800000 0.286274
0.349020 0.800000 0.800000 0.286274
0.333333 0.800000 0.800000 0.301961
0.333333 0.800000 0.800000 0.301961
0.333333 0.800000 0.800000 0.301961
0.333333 0.800000 0.800000 0.301961
0.333333 0.800000 0.800000 0.301961
0.333333 0.800000 0.800000 0.301961
0.333333 0.800000 0.800000 0.301961
0.333333 0.800000 0.800000 0.301961
0.333333 0.800000 0.800000 0.301961
0.333333 0.800000 0.800000 0.301961
0.333333 0.800000 0.800000 0.301961
0.337255 0.800000 0.800000 0.294118
0.337255 0.800000 0.800000 0.294118
0.337255 0.800000 0.800000 0.294118
0.337255 0.800000 0.800000 0.294118
0.337255 0.800000 0.800000 0.294118
0.337255 0.800000 0.800000 0.294118
0.337255 0.800000 0.800000 0.294118
0.337255 0.800000 0.800000 0.294118
0.337255 0.800000 0.800000 0.294118
0.337255 0.800000 0.800000 0.294118
0.337255 0.800000 0.800000 0.294118
0.337255 0.800000 0.800000 0.294118
0.333333 0.800000 0.800000 0.298039
0.333333 0.800000 0.800000 0.298039
0.333333 0.800000 0.800000 0.298039
0.333333 0.800000 0.800000 0.298039
0.333333 0.800000 0.800000 0.298039
0.333333 0.800000 0.800000 0.298039
0.333333 0.800000 0.800000 0.298039
0.333333 0.800000 0.800000 0.298039
0.333333 0.800000 0.800000 0.298039
0.333333 0.800000 0.800000 0.298039
0.333333 0.800000 0.800000 0.298039
0.333333 0.800000 0.800000 0.298039
0.337255 0.800000 0.800000 0.301961
0.337255 0.800000 0.800000 0.301961
0.337255 0.800000 0.800000 0.301961
0.337255 0.800000 0.800000 0.301961
0.337255 0.800000 0.800000 0.301961
0.337255 0.800000 0.800000 0.301961
0.337255 0.800000 0.800000 0.301961
0.337255 0.800000 0.800000 0.301961
0.337255 0.800000 0.800000 0.301961
0.337255 0.800000 0.800000 0.301961
0.337255 0.800000 0.800000 0.301961
0.337255 0.800000 0.800000 0.301961
0.337255 0.800000 0.800000 0.301961
0.337255 0.800000 0.800000 0.301961
0.345098 0.800000 0.800000 0.298039
0.345098 0.800000 0.800000 0.298039
0.345098 0.800000 0.800000 0.298039
0.345098 0.800000 0.800000 0.298039
0.345098 0.800000 0.800000 0.298039
0.345098 0.800000 0.800000 0.298039
0.345098 0.800000 0.800000 0.298039
0.345098 0.800000 0.800000 0.298039
0.345098 0.800000 0.800000 0.298039
0.345098 0.800000 0.800000 0.298039
0.345098 0.800000 0.800000 0.298039
0.345098 0.800000 0.800000 0.298039
0.349020 0.800000 0.800000 0.305882
0.349020 0.800000 0.800000 0.305882
0.349020 0.800000 0.800000 0.305882
0.349020 0.800000 0.800000 0.305882
0.349020 0.800000 0.800000 0.305882
0.349020 0.800000 0.800000 0.305882
0.349020 0.800000 0.800000 0.305882
0.349020 0.800000 0.800000 0.305882
0.349020 0.800000 0.800000 0.305882
0.349020 0.800000 0.800000 0.305882
0.349020 0.800000 0.800000 0.305882
0.349020 0.800000 0.800000 0.305882
0.349020 0.800000 0.800000 0.305882
0.341176 0.800000 0.800000 0.301961
0.341176 0.800000 0.800000 0.301961
0.341176 0.800000 0.800000 0.301961
0.341176 0.800000 0.800000 0.301961
0.341176 0.800000 0.800000 0.301961
0.341176 0.800000 0.800000 0.301961
0.341176 0.800000 0.800000 0.301961
0.341176 0.800000 0.800000 0.301961
0.341176 0.800000 0.800000 0.301961
0.341176 0.800000 0.800000 0.301961
0.341176 0.800000 0.800000 0.301961
0.341176 0.800000 0.800000 0.301961
0.341176 0.800000 0.800000 0.301961
0.341176 0.800000 0.800000 0.301961
0.349020 0.800000 0.800000 0.301961
0.349020 0.800000 0.800000 0.301961
0.349020 0.800000 0.800000 0.301961
0.349020 0.800000 0.800000 0.301961
0.349020 0.800000 0.800000 0.301961
0.349020 0.800000 0.800000 0.301961
0.349020 0.800000 0.800000 0.301961
0.349020 0.800000 0.800000 0.301961
0.349020 0.800000 0.800000 0.301961
0.349020 0.800000 0.800000 0.301961
0.349020 0.800000 0.800000 0.301961
0.349020 0.800000 0.800000 0.301961
0.352941 0.800000 0.800000 0.309804
0.352941 0.800000 0.800000 0.309804
0.352941 0.800000 0.800000 0.309804
0.352941 0.800000 0.800000 0.309804
0.352941 0.800000 0.800000 0.309804
0.352941 0.800000 0.800000 0.309804
0.352941 0.800000 0.800000 0.309804
0.352941 0.800000 0.800000 0.309804
0.352941 0.800000 0.800000 0.309804
0.352941 0.800000 0.800000 0.309804
0.352941 0.800000 0.800000 0.309804
0.352941 0.800000 0.800000 0.309804
0.352941 0.800000 0.800000 0.309804
0.352941 0.800000 0.800000 0.309804
0.352941 0.800000 0.800000 0.309804
0.352941 0.800000 0.800000 0.309804
0.352941 0.800000 0.800000 0.309804
0.352941 0.800000 0.800000 0.309804
0.352941 0.800000 0.800000 0.309804
0.352941 0.800000 0.800000 0.309804
0.352941 0.800000 0.800000 0.309804
0.349020 0.800000 0.800000 0.313725
0.349020 0.800000 0.800000 0.313725
0.349020 0.800000 0.800000 0.313725
0.349020 0.800000 0.800000 0.313725
0.349020 0.800000 0.800000 0.313725
0.349020 0.800000 0.800000 0.313725
0.349020 0.800000 0.800000 0.313725
0.349020 0.800000 0.800000 0.313725
0.349020 0.800000 0.800000 0.313725
0.349020 0.800000 0.800000 0.313725
0.349020 0.800000 0.800000 0.313725
0.349020 0.800000 0.800000 0.313725
0.364706 0.800000 0.800000 0.333333
0.364706 0.800000 0.800000 0.333333
0.364706 0.800000 0.800000 0.333333
0.364706 0.800000 0.800000 0.333333
0.364706 0.800000 0.800000 0.333333
0.364706 0.800000 0.800000 0.333333
0.364706 0.800000 0.800000 0.333333
0.364706 0.800000 0.800000 0.333333
0.364706 0.800000 0.800000 0.333333
0.364706 0.800000 0.800000 0.333333
0.364706 0.800000 0.800000 0.333333
0.364706 0.800000 0.800000 0.333333
0.364706 0.800000 0.800000 0.333333
0.364706 0.800000 0.800000 0.329412
0.364706 0.800000 0.800000 0.329412
0.364706 0.800000 0.800000 0.329412
0.364706 0.800000 0.800000 0.329412
0.364706 0.800000 0.800000 0.329412
0.364706 0.800000 0.800000 0.329412
0.364706 0.800000 0.800000 0.329412
0.364706 0.800000 0.800000 0.329412
0.364706 0.800000 0.800000 0.329412
0.364706 0.800000 0.800000 0.329412
0.364706 0.800000 0.800000 0.329412
0.364706 0.800000 0.800000 0.329412
0.364706 0.800000 0.800000 0.329412
0.364706 0.800000 0.800000 0.313725
0.364706 0.800000 0.800000 0.313725
0.364706 0.800000 0.800000 0.313725
0.364706 0.800000 0.800000 0.313725
0.364706 0.800000 0.800000 0.313725
0.364706 0.800000 0.800000 0.313725
0.364706 0.800000 0.800000 0.313725
0.364706 0.800000 0.800000 0.313725
0.364706 0.800000 0.800000 0.313725
0.364706 0.800000 0.800000 0.313725
0.364706 0.800000 0.800000 0.313725
0.364706 0.800000 0.800000 0.313725
0.364706 0.800000 0.800000 0.313725
0.364706 0.800000 0.800000 0.313725
0.360784 0.800000 0.800000 0.309804
0.360784 0.800000 0.800000 0.309804
0.360784 0.800000 0.800000 0.309804
0.360784 0.800000 0.800000 0.309804
0.360784 0.800000 0.800000 0.309804
0.360784 0.800000 0.800000 0.309804
0.360784 0.800000 0.800000 0.309804
0.360784 0.800000 0.800000 0.309804
0.360784 0.800000 0.800000 0.309804
0.360784 0.800000 0.800000 0.309804
0.360784 0.800000 0.800000 0.309804
0.352941 0.800000 0.800000 0.309804
0.352941 0.800000 0.800000 0.309804
0.352941 0.800000 0.800000 0.309804
0.352941 0.800000 0.800000 0.309804
0.352941 0.800000 0.800000 0.309804
0.352941 0.800000 0.800000 0.309804
0.352941 0.800000 0.800000 0.309804
0.352941 0.800000 0.800000 0.309804
0.352941 0.800000 0.800000 0.309804
0.352941 0.800000 0.800000 0.309804
0.352941 0.800000 0.800000 0.309804
0.352941 0.800000 0.800000 0.309804
0.352941 0.800000 0.800000 0.309804
0.341176 0.800000 0.800000 0.298039
0.341176 0.800000 0.800000 0.298039
0.341176 0.800000 0.800000 0.298039
0.341176 0.800000 0.800000 0.298039
0.341176 0.800000 0.800000 0.298039
0.341176 0.800000 0.800000 0.298039
0.341176 0.800000 0.800000 0.298039
0.341176 0.800000 0.800000 0.298039
0.341176 0.800000 0.800000 0.298039
0.341176 0.800000 0.800000 0.298039
0.341176 0.800000 0.800000 0.298039
0.341176 0.800000 0.800000 0.298039
0.341176 0.800000 0.800000 0.298039
0.341176 0.800000 0.800000 0.800000
0.325490 0.800000 0.800000 0.800000
0.325490 0.800000 0.800000 0.800000
0.325490 0.800000 0.800000 0.800000
0.325490 0.800000 0.800000 0.800000
0.325490 0.800000 0.800000 0.800000
0.325490 0.800000 0.800000 0.800000
0.325490 0.800000 0.800000 0.800000
0.325490 0.800000 0.800000 0.800000
0.325490 0.800000 0.800000 0.800000
0.325490 0.800000 0.800000 0.800000
0.325490 0.800000 0.800000 0.800000
0.325490 0.800000 0.800000 0.800000
0.325490 0.800000 0.800000 0.800000
0.325490 0.800000 0.800000 0.800000
0.325490 0.800000 0.800000 0.800000
0.329412 0.800000 0.800000 0.278431
0.329412 0.800000 0.800000 0.278431
0.329412 0.800000 0.800000 0.278431
0.329412 0.800000 0.800000 0.278431
0.329412 0.800000 0.800000 0.278431
0.329412 0.800000 0.800000 0.278431
0.329412 0.800000 0.800000 0.278431
0.329412 0.800000 0.800000 0.278431
0.329412 0.800000 0.800000 0.278431
0.329412 0.800000 0.800000 0.278431
0.329412 0.800000 0.800000 0.278431
0.329412 0.800000 0.800000 0.278431
0.329412 0.800000 0.800000 0.278431
0.329412 0.800000 0.800000 0.278431
0.329412 0.800000 0.800000 0.278431
0.329412 0.800000 0.800000 0.278431
0.317647 0.800000 0.800000 0.282353
0.317647 0.800000 0.800000 0.282353
0.317647 0.800000 0.800000 0.282353
0.317647 0.800000 0.800000 0.282353
0.317647 0.800000 0.800000 0.282353
0.317647 0.800000 0.800000 0.282353
0.317647 0.800000 0.800000 0.282353
0.317647 0.800000 0.800000 0.282353
0.317647 0.800000 0.800000 0.282353
0.317647 0.800000 0.800000 0.282353
0.317647 0.800000 0.800000 0.282353
0.325490 0.800000 0.800000 0.298039
0.325490 0.800000 0.800000 0.298039
0.325490 0.800000 0.800000 0.298039
0.325490 0.800000 0.800000 0.298039
0.325490 0.800000 0.800000 0.298039
0.325490 0.800000 0.800000 0.298039
0.325490 0.800000 0.800000 0.298039
0.325490 0.800000 0.800000 0.298039
0.325490 0.800000 0.800000 0.298039
0.325490 0.800000 0.800000 0.298039
0.325490 0.800000 0.800000 0.298039
0.325490 0.800000 0.800000 0.298039
0.325490 0.800000 0.800000 0.298039
0.325490 0.800000 0.800000 0.282353
0.325490 0.800000 0.800000 0.282353
0.325490 0.800000 0.800000 0.282353
0.325490 0.800000 0.800000 0.282353
0.325490 0.800000 0.800000 0.282353
0.325490 0.800000 0.800000 0.282353
0.325490 0.800000 0.800000 0.282353
0.325490 0.800000 0.800000 0.282353
0.325490 0.800000 0.800000 0.282353
0.325490 0.800000 0.800000 0.282353
0.325490 0.800000 0.800000 0.282353
0.325490 0.800000 0.800000 0.282353
0.325490 0.800000 0.800000 0.282353
0.325490 0.800000 0.800000 0.286274
0.325490 0.800000 0.800000 0.286274
0.325490 0.800000 0.800000 0.286274
0.325490 0.800000 0.800000 0.286274
0.325490 0.800000 0.800000 0.286274
0.325490 0.800000 0.800000 0.286274
0.325490 0.800000 0.800000 0.286274
0.325490 0.800000 0.800000 0.286274
0.325490 0.800000 0.800000 0.286274
0.325490 0.800000 0.800000 0.286274
0.325490 0.800000 0.800000 0.286274
0.325490 0.800000 0.800000 0.286274
0.325490 0.800000 0.800000 0.286274
0.325490 0.800000 0.800000 0.286274
0.325490 0.800000 0.800000 0.286274
0.317647 0.800000 0.800000 0.286274
0.317647 0.800000 0.800000 0.286274
0.317647 0.800000 0.800000 0.286274
0.317647 0.800000 0.800000 0.286274
0.317647 0.800000 0.800000 0.286274
0.317647 0.800000 0.800000 0.286274
0.317647 0.800000 0.800000 0.286274
0.317647 0.800000 0.800000 0.286274
0.317647 0.800000 0.800000 0.286274
0.317647 0.800000 0.800000 0.286274
0.317647 0.800000 0.800000 0.286274
0.317647 0.800000 0.800000 0.286274
0.317647 0.800000 0.800000 0.286274
0.317647 0.800000 0.800000 0.286274
0.317647 0.800000 0.800000 0.286274
0.317647 0.800000 0.800000 0.286274
0.317647 0.800000 0.800000 0.286274
0.317647 0.800000 0.800000 0.286274
0.317647 0.800000 0.800000 0.286274
0.317647 0.800000 0.800000 0.282353
0.317647 0.800000 0.800000 0.282353
0.317647 0.800000 0.800000 0.282353
0.317647 0.800000 0.800000 0.282353
0.317647 0.800000 0.800000 0.282353
0.317647 0.800000 0.800000 0.282353
0.317647 0.800000 0.800000 0.282353
0.317647 0.800000 0.800000 0.282353
0.317647 0.800000 0.800000 0.282353
0.317647 0.800000 0.800000 0.282353
0.317647 0.800000 0.800000 0.282353
0.317647 0.800000 0.800000 0.282353
0.317647 0.800000 0.800000 0.282353
0.317647 0.800000 0.800000 0.282353
0.317647 0.800000 0.800000 0.278431
0.317647 0.800000 0.800000 0.278431
0.317647 0.800000 0.800000 0.278431
0.317647 0.800000 0.800000 0.278431
0.317647 0.800000 0.800000 0.278431
0.317647 0.800000 0.800000 0.278431
0.317647 0.800000 0.800000 0.278431
0.317647 0.800000 0.800000 0.278431
0.317647 0.800000 0.800000 0.278431
0.317647 0.800000 0.800000 0.278431
0.317647 0.800000 0.800000 0.278431
0.317647 0.800000 0.800000 0.278431
0.317647 0.800000 0.800000 0.278431
0.317647 0.800000 0.800000 0.278431
0.317647 0.800000 0.800000 0.278431
0.317647 0.800000 0.800000 0.278431
0.317647 0.800000 0.800000 0.278431
0.317647 0.800000 0.800000 0.282353
0.317647 0.800000 0.800000 0.282353
0.317647 0.800000 0.800000 0.282353
0.317647 0.800000 0.800000 0.282353
0.317647 0.800000 0.800000 0.282353
0.317647 0.800000 0.800000 0.282353
0.317647 0.800000 0.800000 0.282353
0.317647 0.800000 0.800000 0.282353
0.317647 0.800000 0.800000 0.282353
0.317647 0.800000 0.800000 0.282353
0.317647 0.800000 0.800000 0.282353
0.317647 0.800000 0.800000 0.282353
0.317647 0.800000 0.800000 0.282353
0.317647 0.800000 0.800000 0.282353
0.317647 0.800000 0.800000 0.282353
0.317647 0.800000 0.800000 0.282353
0.317647 0.800000 0.800000 0.282353
0.317647 0.800000 0.800000 0.282353
0.317647 0.800000 0.800000 0.282353
0.317647 0.800000 0.800000 0.282353
0.317647 0.800000 0.800000 0.282353
0.317647 0.800000 0.800000 0.282353
0.317647 0.800000 0.800000 0.282353
0.317647 0.800000 0.800000 0.282353
0.317647 0.800000 0.800000 0.282353
0.317647 0.800000 0.800000 0.282353
0.317647 0.800000 0.800000 0.282353
0.329412 0.800000 0.800000 0.278431
0.329412 0.800000 0.800000 0.278431
0.329412 0.800000 0.800000 0.278431
0.329412 0.800000 0.800000 0.278431
0.329412 0.800000 0.800000 0.278431
0.329412 0.800000 0.800000 0.278431
0.329412 0.800000 0.800000 0.278431
0.329412 0.800000 0.800000 0.278431
0.329412 0.800000 0.800000 0.278431
0.329412 0.800000 0.800000 0.278431
0.329412 0.800000 0.800000 0.278431
0.329412 0.800000 0.800000 0.278431
0.329412 0.800000 0.800000 0.278431
0.329412 0.800000 0.800000 0.278431
0.333333 0.800000 0.800000 0.270588
0.333333 0.800000 0.800000 0.270588
0.333333 0.800000 0.800000 0.270588
0.333333 0.800000 0.800000 0.270588
0.333333 0.800000 0.800000 0.270588
0.333333 0.800000 0.800000 0.270588
0.333333 0.800000 0.800000 0.270588
0.333333 0.800000 0.800000 0.270588
0.333333 0.800000 0.800000 0.270588
0.333333 0.800000 0.800000 0.270588
0.333333 0.800000 0.800000 0.270588
0.333333 0.800000 0.800000 0.270588
0.325490 0.800000 0.800000 0.270588
0.325490 0.800000 0.800000 0.270588
0.325490 0.800000 0.800000 0.270588
0.325490 0.800000 0.800000 0.270588
0.325490 0.800000 0.800000 0.270588
0.325490 0.800000 0.800000 0.270588
0.325490 0.800000 0.800000 0.270588
0.325490 0.800000 0.800000 0.270588
0.325490 0.800000 0.800000 0.270588
0.325490 0.800000 0.800000 0.270588
0.325490 0.800000 0.800000 0.270588
0.325490 0.800000 0.800000 0.270588
0.325490 0.800000 0.800000 0.270588
0.317647 0.800000 0.800000 0.278431
0.317647 0.800000 0.800000 0.278431
0.317647 0.800000 0.800000 0.278431
0.317647 0.800000 0.800000 0.278431
0.317647 0.800000 0.800000 0.278431
0.317647 0.800000 0.800000 0.278431
0.317647 0.800000 0.800000 0.278431
0.317647 0.800000 0.800000 0.278431
0.317647 0.800000 0.800000 0.278431
0.317647 0.800000 0.800000 0.278431
0.317647 0.800000 0.800000 0.278431
0.317647 0.800000 0.800000 0.278431
0.317647 0.800000 0.800000 0.278431
0.317647 0.800000 0.800000 0.278431
0.317647 0.800000 0.800000 0.278431
0.321569 0.800000 0.800000 0.274510
0.321569 0.800000 0.800000 0.274510
0.321569 0.800000 0.800000 0.274510
0.321569 0.800000 0.800000 0.274510
0.321569 0.800000 0.800000 0.274510
0.321569 0.800000 0.800000 0.274510
0.321569 0.800000 0.800000 0.274510
0.321569 0.800000 0.800000 0.274510
0.321569 0.800000 0.800000 0.274510
0.321569 0.800000 0.800000 0.274510
0.321569 0.800000 0.800000 0.274510
0.321569 0.800000 0.800000 0.274510
0.313725 0.800000 0.800000 0.282353
0.313725 0.800000 0.800000 0.282353
0.313725 0.800000 0.800000 0.282353
0.313725 0.800000 0.800000 0.282353
0.313725 0.800000 0.800000 0.282353
0.313725 0.800000 0.800000 0.282353
0.313725 0.800000 0.800000 0.282353
0.313725 0.800000 0.800000 0.282353
0.313725 0.800000 0.800000 0.282353
0.313725 0.800000 0.800000 0.282353
0.313725 0.800000 0.800000 0.282353
0.313725 0.800000 0.800000 0.282353
0.313725 0.800000 0.800000 0.282353
0.313725 0.800000 0.800000 0.282353
0.317647 0.800000 0.800000 0.278431
0.317647 0.800000 0.800000 0.278431
0.317647 0.800000 0.800000 0.278431
0.317647 0.800000 0.800000 0.278431
0.317647 0.800000 0.800000 0.278431
0.317647 0.800000 0.800000 0.278431
0.317647 0.800000 0.800000 0.278431
0.317647 0.800000 0.800000 0.278431
0.317647 0.800000 0.800000 0.278431
0.317647 0.800000 0.800000 0.278431
0.317647 0.800000 0.800000 0.278431
0.317647 0.800000 0.800000 0.278431
0.317647 0.800000 0.800000 0.278431
0.313725 0.800000 0.800000 0.274510
0.313725 0.800000 0.800000 0.274510
0.313725 0.800000 0.800000 0.274510
0.313725 0.800000 0.800000 0.274510
0.313725 0.800000 0.800000 0.274510
0.313725 0.800000 0.800000 0.274510
0.313725 0.800000 0.800000 0.274510
0.313725 0.800000 0.800000 0.274510
0.313725 0.800000 0.800000 0.274510
0.313725 0.800000 0.800000 0.274510
0.313725 0.800000 0.800000 0.274510
0.313725 0.800000 0.800000 0.274510
0.313725 0.800000 0.800000 0.274510
0.313725 0.800000 0.800000 0.274510
0.313725 0.800000 0.800000 0.274510
0.313725 0.800000 0.800000 0.274510
0.313725 0.800000 0.800000 0.274510
0.313725 0.800000 0.800000 0.274510
0.313725 0.800000 0.800000 0.274510
0.313725 0.800000 0.800000 0.274510
0.313725 0.800000 0.800000 0.274510
0.313725 0.800000 0.800000 0.274510
0.313725 0.800000 0.800000 0.274510
0.313725 0.800000 0.800000 0.274510
0.313725 0.800000 0.800000 0.274510
0.313725 0.800000 0.800000 0.274510
0.313725 0.800000 0.800000 0.278431
0.313725 0.800000 0.800000 0.278431
0.313725 0.800000 0.800000 0.278431
0.313725 0.800000 0.800000 0.278431
0.313725 0.800000 0.800000 0.278431
0.313725 0.800000 0.800000 0.278431
0.313725 0.800000 0.800000 0.278431
0.313725 0.800000 0.800000 0.278431
0.313725 0.800000 0.800000 0.278431
0.313725 0.800000 0.800000 0.278431
0.313725 0.800000 0.800000 0.278431
0.313725 0.800000 0.800000 0.278431
0.313725 0.800000 0.800000 0.278431
0.313725 0.800000 0.800000 0.278431
0.313725 0.800000 0.800000 0.282353
0.313725 0.800000 0.800000 0.282353
0.313725 0.800000 0.800000 0.282353
0.313725 0.800000 0.800000 0.282353
0.313725 0.800000 0.800000 0.282353
0.313725 0.800000 0.800000 0.282353
0.313725 0.800000 0.800000 0.282353
0.313725 0.800000 0.800000 0.282353
0.313725 0.800000 0.800000 0.282353
0.313725 0.800000 0.800000 0.282353
0.313725 0.800000 0.800000 0.282353
0.313725 0.800000 0.800000 0.282353
0.313725 0.800000 0.800000 0.282353
0.313725 0.800000 0.800000 0.282353
0.321569 0.800000 0.800000 0.290196
0.321569 0.800000 0.800000 0.290196
0.321569 0.800000 0.800000 0.290196
0.321569 0.800000 0.800000 0.290196
0.321569 0.800000 0.800000 0.290196
0.321569 0.800000 0.800000 0.290196
0.321569 0.800000 0.800000 0.290196
0.321569 0.800000 0.800000 0.290196
0.321569 0.800000 0.800000 0.290196
0.321569 0.800000 0.800000 0.290196
0.321569 0.800000 0.800000 0.290196
0.321569 0.800000 0.800000 0.290196
0.321569 0.800000 0.800000 0.290196
0.321569 0.800000 0.800000 0.282353
0.321569 0.800000 0.800000 0.282353
0.321569 0.800000 0.800000 0.282353
0.321569 0.800000 0.800000 0.282353
0.321569 0.800000 0.800000 0.282353
0.321569 0.800000 0.800000 0.282353
0.321569 0.800000 0.800000 0.282353
0.321569 0.800000 0.800000 0.282353
0.321569 0.800000 0.800000 0.282353
0.321569 0.800000 0.800000 0.282353
0.321569 0.800000 0.800000 0.282353
0.321569 0.800000 0.800000 0.282353
0.321569 0.800000 0.800000 0.282353
0.321569 0.800000 0.800000 0.282353
0.325490 0.800000 0.800000 0.286274
0.325490 0.800000 0.800000 0.286274
0.325490 0.800000 0.800000 0.286274
0.325490 0.800000 0.800000 0.286274
0.325490 0.800000 0.800000 0.286274
0.325490 0.800000 0.800000 0.286274
0.325490 0.800000 0.800000 0.286274
0.325490 0.800000 0.800000 0.286274
0.325490 0.800000 0.800000 0.286274
0.325490 0.800000 0.800000 0.286274
0.325490 0.800000 0.800000 0.286274
0.325490 0.800000 0.800000 0.286274
0.325490 0.800000 0.800000 0.286274
0.317647 0.800000 0.800000 0.294118
0.317647 0.800000 0.800000 0.294118
0.317647 0.800000 0.800000 0.294118
0.317647 0.800000 0.800000 0.294118
0.317647 0.800000 0.800000 0.294118
0.317647 0.800000 0.800000 0.294118
0.317647 0.800000 0.800000 0.294118
0.317647 0.800000 0.800000 0.294118
0.317647 0.800000 0.800000 0.294118
0.317647 0.800000 0.800000 0.294118
0.317647 0.800000 0.800000 0.294118
0.317647 0.800000 0.800000 0.294118
0.317647 0.800000 0.800000 0.294118
0.317647 0.800000 0.800000 0.294118
0.317647 0.800000 0.800000 0.294118
0.317647 0.800000 0.800000 0.294118
0.317647 0.800000 0.800000 0.294118
0.317647 0.800000 0.800000 0.294118
0.317647 0.800000 0.800000 0.294118
0.317647 0.800000 0.800000 0.294118
0.317647 0.800000 0.800000 0.294118
0.317647 0.800000 0.800000 0.294118
0.317647 0.800000 0.800000 0.294118
0.317647 0.800000 0.800000 0.294118
0.317647 0.800000 0.800000 0.294118
0.317647 0.800000 0.800000 0.294118
0.317647 0.800000 0.800000 0.278431
0.317647 0.800000 0.800000 0.278431
0.317647 0.800000 0.800000 0.278431
0.317647 0.800000 0.800000 0.278431
0.317647 0.800000 0.800000 0.278431
0.317647 0.800000 0.800000 0.278431
0.317647 0.800000 0.800000 0.278431
0.317647 0.800000 0.800000 0.278431
0.317647 0.800000 0.800000 0.278431
0.317647 0.800000 0.800000 0.278431
0.317647 0.800000 0.800000 0.278431
0.317647 0.800000 0.800000 0.278431
0.317647 0.800000 0.800000 0.278431
0.317647 0.800000 0.800000 0.278431
0.325490 0.800000 0.800000 0.286274
0.325490 0.800000 0.800000 0.286274
0.325490 0.800000 0.800000 0.286274
0.325490 0.800000 0.800000 0.286274
0.325490 0.800000 0.800000 0.286274
0.325490 0.800000 0.800000 0.286274
0.325490 0.800000 0.800000 0.286274
0.325490 0.800000 0.800000 0.286274
0.325490 0.800000 0.800000 0.286274
0.325490 0.800000 0.800000 0.286274
0.325490 0.800000 0.800000 0.286274
0.325490 0.800000 0.800000 0.286274
0.325490 0.800000 0.800000 0.286274
0.325490 0.800000 0.800000 0.286274
0.325490 0.800000 0.800000 0.286274
0.317647 0.800000 0.800000 0.290196
0.317647 0.800000 0.800000 0.290196
0.317647 0.800000 0.800000 0.290196
0.317647 0.800000 0.800000 0.290196
0.317647 0.800000 0.800000 0.290196
0.317647 0.800000 0.800000 0.290196
0.317647 0.800000 0.800000 0.290196
0.317647 0.800000 0.800000 0.290196
0.317647 0.800000 0.800000 0.290196
0.317647 0.800000 0.800000 0.290196
0.317647 0.800000 0.800000 0.290196
0.317647 0.800000 0.800000 0.290196
0.317647 0.800000 0.800000 0.290196
0.309804 0.800000 0.800000 0.274510
0.309804 0.800000 0.800000 0.274510
0.309804 0.800000 0.800000 0.274510
0.309804 0.800000 0.800000 0.274510
0.309804 0.800000 0.800000 0.274510
0.309804 0.800000 0.800000 0.274510
0.309804 0.800000 0.800000 0.274510
0.309804 0.800000 0.800000 0.274510
0.309804 0.800000 0.800000 0.274510
0.309804 0.800000 0.800000 0.274510
0.309804 0.800000 0.800000 0.274510
0.309804 0.800000 0.800000 0.274510
0.309804 0.800000 0.800000 0.274510
0.309804 0.800000 0.800000 0.274510
0.309804 0.800000 0.800000 0.266667
0.309804 0.800000 0.800000 0.266667
0.309804 0.800000 0.800000 0.266667
0.309804 0.800000 0.800000 0.266667
0.309804 0.800000 0.800000 0.266667
0.309804 0.800000 0.800000 0.266667
0.309804 0.800000 0.800000 0.266667
0.309804 0.800000 0.800000 0.266667
0.309804 0.800000 0.800000 0.266667
0.309804 0.800000 0.800000 0.266667
0.309804 0.800000 0.800000 0.266667
0.309804 0.800000 0.800000 0.266667
0.309804 0.800000 0.800000 0.266667
0.309804 0.800000 0.800000 0.266667
0.309804 0.800000 0.800000 0.278431
0.309804 0.800000 0.800000 0.278431
0.309804 0.800000 0.800000 0.278431
0.309804 0.800000 0.800000 0.278431
0.309804 0.800000 0.800000 0.278431
0.309804 0.800000 0.800000 0.278431
0.309804 0.800000 0.800000 0.278431
0.309804 0.800000 0.800000 0.278431
0.309804 0.800000 0.800000 0.278431
0.309804 0.800000 0.800000 0.278431
0.309804 0.800000 0.800000 0.278431
0.309804 0.800000 0.800000 0.278431
0.309804 0.800000 0.800000 0.278431
0.313725 0.800000 0.800000 0.270588
0.313725 0.800000 0.800000 0.270588
0.313725 0.800000 0.800000 0.270588
0.313725 0.800000 0.800000 0.270588
0.313725 0.800000 0.800000 0.270588
0.313725 0.800000 0.800000 0.270588
0.313725 0.800000 0.800000 0.270588
0.313725 0.800000 0.800000 0.270588
0.313725 0.800000 0.800000 0.270588
0.313725 0.800000 0.800000 0.270588
0.313725 0.800000 0.800000 0.270588
0.258824 0.258824 0.325490 0.321569
0.258824 0.258824 0.325490 0.321569
0.258824 0.258824 0.325490 0.321569
0.258824 0.258824 0.325490 0.321569
0.258824 0.258824 0.325490 0.321569
0.258824 0.258824 0.325490 0.321569
0.258824 0.258824 0.325490 0.321569
0.258824 0.258824 0.325490 0.321569
0.258824 0.258824 0.325490 0.321569
0.258824 0.258824 0.325490 0.321569
0.262745 0.258824 0.321569 0.329412
0.262745 0.258824 0.321569 0.329412
0.262745 0.258824 0.321569 0.329412
0.262745 0.258824 0.321569 0.329412
0.262745 0.258824 0.321569 0.329412
0.262745 0.258824 0.321569 0.329412
0.262745 0.258824 0.321569 0.329412
0.262745 0.258824 0.321569 0.329412
0.262745 0.258824 0.321569 0.329412
0.262745 0.258824 0.321569 0.329412
0.262745 0.258824 0.321569 0.329412
0.262745 0.258824 0.321569 0.329412
0.266667 0.258824 0.313725 0.325490
0.266667 0.258824 0.313725 0.325490
0.266667 0.258824 0.313725 0.325490
0.266667 0.258824 0.313725 0.325490
0.266667 0.258824 0.313725 0.325490
0.266667 0.258824 0.313725 0.325490
0.266667 0.258824 0.313725 0.325490
0.266667 0.258824 0.313725 0.325490
0.266667 0.258824 0.313725 0.325490
0.266667 0.258824 0.313725 0.325490
0.266667 0.258824 0.313725 0.325490
0.266667 0.258824 0.313725 0.325490
0.266667 0.258824 0.313725 0.325490
0.266667 0.258824 0.313725 0.325490
0.266667 0.258824 0.313725 0.325490
0.266667 0.258824 0.313725 0.325490
0.266667 0.258824 0.313725 0.325490
0.266667 0.258824 0.313725 0.325490
0.266667 0.258824 0.313725 0.325490
0.266667 0.258824 0.313725 0.325490
0.266667 0.258824 0.313725 0.325490
0.266667 0.258824 0.313725 0.325490
0.266667 0.258824 0.313725 0.325490
0.266667 0.258824 0.313725 0.325490
0.266667 0.258824 0.313725 0.325490
0.266667 0.258824 0.313725 0.325490
0.266667 0.258824 0.313725 0.325490
0.266667 0.258824 0.313725 0.325490
0.266667 0.258824 0.313725 0.325490
0.266667 0.258824 0.313725 0.325490
0.266667 0.258824 0.313725 0.325490
0.266667 0.258824 0.313725 0.325490
0.266667 0.258824 0.313725 0.325490
0.266667 0.258824 0.313725 0.325490
0.266667 0.258824 0.313725 0.325490
0.266667 0.258824 0.313725 0.325490
0.266667 0.258824 0.313725 0.325490
0.266667 0.258824 0.313725 0.325490
0.266667 0.258824 0.313725 0.325490
0.266667 0.258824 0.313725 0.325490
0.266667 0.258824 0.313725 0.325490
0.266667 0.258824 0.313725 0.325490
0.266667 0.258824 0.313725 0.325490
0.266667 0.258824 0.313725 0.325490
0.266667 0.258824 0.313725 0.325490
0.266667 0.258824 0.313725 0.325490
0.266667 0.258824 0.313725 0.325490
0.266667 0.258824 0.313725 0.325490
0.266667 0.258824 0.313725 0.325490
0.266667 0.258824 0.313725 0.325490
0.266667 0.258824 0.313725 0.325490
0.266667 0.258824 0.313725 0.325490
0.266667 0.258824 0.313725 0.325490
0.266667 0.258824 0.313725 0.325490
0.266667 0.258824 0.313725 0.325490
0.266667 0.258824 0.313725 0.325490